f.eid
1197311
1460378
1469020
1797568
1814094
1935597
2019015
2395479
2400657
2602710
2672432
2842972
3949569
4280132
4484181
4484764
4572767
4625765
4709615
4774113
4820309
4944973
4982358
5000828
5238167
5554754
5926899
6018885
1165851
1631937
1650886
1871181
1907739
1939905
2089351
2193375
2812837
3189476
3403545
3963372
4013319
4079449
4442742
4589576
4816413
4851836
4881771
5084168
5254778
5601834
5655085
5928044
1174992
1967961
2487551
3035827
3523059
3971153
4132099
4280401
4468143
4655505
4931179
4960187
5361741
5496971
5650693
2589673
2619910
3061206
4986030
5093853
1074794
1129493
3927211
5437376
2880487
4054118
5542182
5746424
2265085
3049574
5890222
1721540
3557778
5717494
1140451
4765492
3184736
3265909
3662447
1337757
1716429
